                               444444444444444
                    444444444444             4
                    4                        4
                    4   0                    44
                    44   0                    4
                     4  0  000                4
                     4                        4
                     4                        4
                     4                        4
                     44                       44
                      4                        4
                      4                        4
                      4                        4
                      4        44444444444444444
                      4444444444
